##### MANUAL TESTS OF JPRED4 PREDICTIONS


bp <- c(0.0125,0.0107,0.0108,0.0095,0.0077,0.0080,0.0162,0.0137,0.0114,0.0135,0.0125,0.0137,0.0191,0.0259,0.0318,0.0194,0.0296,0.0626,0.2057,0.7858,0.9114,0.9352,0.9479,0.9561,0.9647,0.9626,0.9532,0.9398,0.9138,0.8521,0.6961,0.2846,0.1190,0.0868,0.1358,0.4937,0.4854,0.8653,0.9318,0.9463,0.9616,0.9621,0.9621,0.9533,0.9377,0.9217,0.8550,0.7260,0.3471,0.1456,0.0945,0.0729,0.0772,0.1246,0.3756,0.4246,0.4747,0.4509,0.4873,0.5025,0.2954,0.2740,0.3608,0.6915,0.7061,0.6447,0.4417,0.4811,0.2103,0.0870,0.0539,0.0397,0.0628,0.0503,0.0329,0.0294,0.0180,0.0163,0.0224,0.0191,0.0180,0.0076,0.0081,0.0075,0.0096,0.0202,0.0188,0.0169,0.0192,0.0224,0.0279,0.0277,0.0378,0.0517,0.0601,0.0746,0.1075,0.1551,0.3086,0.7770,0.8804,0.8904,0.9055,0.9037,0.8676,0.7978,0.4921,0.4789,0.3130,0.0893,0.0845,0.0494,0.0335,0.0248,0.0277,0.0292,0.0232,0.0342,0.0418,0.0435,0.0643,0.0849,0.1198,0.1317,0.1202,0.1341,0.1204,0.0964,0.1152,0.1227,0.1656,0.2941,0.8130,0.8994,0.9270,0.9448,0.9506,0.9471,0.9313,0.9103,0.8572,0.6998,0.3343,0.1054,0.0426,0.0225,0.0201,0.0318,0.0233,0.0208,0.0222,0.0262,0.0276,0.0263,0.0383,0.0531,0.0581,0.0699,0.0875,0.0949,0.1159,0.1576,0.3429,0.8182,0.9069,0.9387,0.9556,0.9602,0.9609,0.9588,0.9538,0.9557,0.9544,0.9574,0.9563,0.9483,0.9386,0.9197,0.8679,0.7401,0.3773,0.1796,0.1182,0.0823,0.0729,0.0579,0.0446,0.0306,0.0253,0.0279,0.0265,0.0269,0.0289,0.0300,0.0266,0.0385,0.0551,0.0655,0.0657,0.0742,0.0745,0.0760,0.0794,0.0896,0.0896,0.0896,0.0896,0.0896,0.0896,0.0896,0.0896,0.0896,0.0896,0.0896,0.0896,0.0896,0.0896,0.0956,0.1022,0.1042,0.1063,0.1110,0.1183,0.1407,0.1894,0.3619,0.7737,0.8321,0.8485,0.8667,0.8566,0.8194,0.7042,0.4071,0.2138,0.1327,0.1083,0.1066,0.1021,0.0954,0.0881,0.0854,0.0602,0.0576,0.0501,0.0390,0.0338,0.0273,0.0347,0.0243,0.0140,0.0261,0.0300,0.0239,0.0166,0.0164,0.0138,0.0088,0.0087,0.0183,0.0122,0.0090,0.0079,0.0088,0.0084,0.0084,0.0089,0.0089,0.0075,0.0098,0.0125,0.0154,0.0125,0.0053,0.0050,0.0092,0.0164,0.0180,0.0210,0.0189,0.0168,0.0090,0.0089,0.0079,0.0082,0.0147,0.0146,0.0108,0.0109,0.0108,0.0147,0.0182,0.0226,0.0224,0.0132,0.0179,0.0230,0.0217,0.0175,0.0196,0.0275,0.0267,0.0182,0.0125,0.0105,0.0110,0.0223,0.0205,0.0209,0.0196,0.0217,0.0236,0.0263,0.0373,0.0517,0.0484,0.0533,0.0551,0.0530,0.0551,0.0501,0.0505,0.0370,0.0346,0.0469,0.0449,0.0416,0.0381,0.0495,0.0594,0.0757,0.0850,0.1303,0.1420,0.2381,0.6144,0.6072,0.5959,0.5838,0.4694,0.3158,0.2073,0.1101,0.0697,0.0521,0.0368,0.0430,0.0268,0.0303,0.0402,0.0511,0.0394,0.0411,0.0328,0.0251,0.0172,0.0143,0.0179,0.0146,0.0113,0.0097,0.0088,0.0074,0.0075,0.0067,0.0065,0.0066,0.0080,0.0122,0.0282,0.0715,0.1815,0.4371,0.6658,0.7889,0.8358,0.8381,0.8177,0.6832,0.3570,0.1851,0.1327,0.0982,0.0938,0.0837,0.0822,0.0780,0.0614,0.0505,0.0319,0.0279,0.0388,0.0330,0.0279,0.0153,0.0132,0.0101,0.0112,0.0191,0.0185,0.0130,0.0101,0.0123,0.0175,0.0215,0.0217,0.0122,0.0114,0.0132,0.0200,0.0356,0.0389,0.0335,0.0233,0.0310,0.0426,0.0431,0.0442,0.0362,0.0274,0.0206,0.0168,0.0234,0.0188,0.0179,0.0182,0.0199,0.0143,0.0062,0.0046,0.0059,0.0127,0.0126,0.0113,0.0112,0.0105,0.0123,0.0201,0.0247,0.0263,0.0197,0.0289,0.0439,0.0564,0.0685,0.0786,0.0819,0.0852,0.0899,0.1096,0.1354,0.1538,0.2103,0.2994,0.2581,0.2843,0.2007,0.1139,0.0775,0.0362,0.0216,0.0148)
mtp <- c(0.0125,0.0107,0.0108,0.0095,0.0077,0.0080,0.0162,0.0137,0.0114,0.0135,0.0125,0.0137,0.0191,0.0259,0.0318,0.0194,0.0296,0.0626,0.2057,0.7858,0.9114,0.9352,0.9479,0.9561,0.9647,0.9626,0.9532,0.9366,0.9031,0.8405,0.6837,0.2623,0.0939,0.0796,0.1818,0.7866,0.9113,0.9400,0.9523,0.9580,0.9668,0.9664,0.9634,0.9541,0.9355,0.9093,0.8489,0.7199,0.3640,0.1461,0.0906,0.0815,0.1080,0.2856,0.3396,0.3237,0.3009,0.2681,0.3270,0.3605,0.2397,0.2248,0.3290,0.7790,0.7925,0.7142,0.7029,0.6003,0.2121,0.0578,0.0449,0.0649,0.0462,0.0367,0.0309,0.0266,0.0158,0.0169,0.0224,0.0183,0.0148,0.0076,0.0081,0.0075,0.0096,0.0202,0.0188,0.0169,0.0192,0.0224,0.0279,0.0277,0.0378,0.0517,0.0601,0.0746,0.1075,0.1474,0.2916,0.7910,0.8994,0.9224,0.9403,0.9453,0.9316,0.9127,0.8512,0.7098,0.4161,0.1013,0.0891,0.0531,0.0338,0.0257,0.0302,0.0313,0.0229,0.0338,0.0427,0.0457,0.0691,0.1234,0.1852,0.2270,0.2502,0.2497,0.1862,0.1215,0.1140,0.1173,0.1437,0.2737,0.8141,0.9037,0.9270,0.9448,0.9506,0.9471,0.9313,0.9103,0.8572,0.6998,0.3343,0.1054,0.0426,0.0225,0.0201,0.0318,0.0233,0.0208,0.0222,0.0262,0.0276,0.0263,0.0383,0.0531,0.0581,0.0699,0.0875,0.0949,0.1159,0.1576,0.3429,0.8182,0.9069,0.9387,0.9556,0.9602,0.9609,0.9588,0.9538,0.9557,0.9544,0.9574,0.9563,0.9483,0.9386,0.9197,0.8679,0.7401,0.3773,0.1796,0.1182,0.0823,0.0729,0.0508,0.0417,0.0284,0.0206,0.0266,0.0211,0.0204,0.0233,0.0262,0.0276,0.0263,0.0373,0.0517,0.0564,0.0657,0.0742,0.0745,0.0760,0.0794,0.0896,0.0896,0.0896,0.0896,0.0896,0.0896,0.0896,0.0896,0.0896,0.0896,0.0896,0.0896,0.0896,0.0956,0.1022,0.1042,0.1063,0.1110,0.1183,0.1407,0.1894,0.3619,0.7737,0.8321,0.8485,0.8667,0.8566,0.8194,0.7042,0.4071,0.2138,0.1327,0.0982,0.0938,0.0837,0.0726,0.0642,0.0532,0.0393,0.0285,0.0208,0.0273,0.0250,0.0233,0.0283,0.0235,0.0163,0.0202,0.0307,0.0421,0.0245,0.0198,0.0178,0.0130,0.0100,0.0186,0.0150,0.0110,0.0079,0.0088,0.0084,0.0084,0.0089,0.0089,0.0075,0.0098,0.0125,0.0154,0.0125,0.0053,0.0050,0.0092,0.0164,0.0180,0.0210,0.0189,0.0168,0.0090,0.0089,0.0079,0.0082,0.0147,0.0146,0.0108,0.0109,0.0108,0.0147,0.0182,0.0226,0.0224,0.0132,0.0179,0.0230,0.0217,0.0175,0.0196,0.0275,0.0267,0.0182,0.0125,0.0105,0.0110,0.0223,0.0205,0.0209,0.0196,0.0217,0.0236,0.0263,0.0373,0.0517,0.0484,0.0533,0.0551,0.0530,0.0551,0.0501,0.0505,0.0370,0.0346,0.0469,0.0407,0.0365,0.0256,0.0318,0.0345,0.0323,0.0289,0.0182,0.0144,0.0202,0.0154,0.0115,0.0055,0.0112,0.0116,0.0110,0.0124,0.0134,0.0118,0.0163,0.0212,0.0263,0.0197,0.0289,0.0374,0.0456,0.0487,0.0449,0.0426,0.0347,0.0272,0.0203,0.0143,0.0179,0.0146,0.0113,0.0097,0.0088,0.0077,0.0070,0.0071,0.0086,0.0080,0.0122,0.0282,0.0715,0.1815,0.4371,0.6658,0.7889,0.8358,0.8381,0.8177,0.6832,0.3570,0.1851,0.1327,0.1083,0.0962,0.0885,0.0967,0.0827,0.0771,0.0667,0.0468,0.0387,0.0351,0.0428,0.0370,0.0192,0.0159,0.0129,0.0119,0.0190,0.0188,0.0156,0.0114,0.0137,0.0174,0.0248,0.0266,0.0191,0.0256,0.0325,0.0397,0.0452,0.0541,0.0674,0.0432,0.0449,0.0556,0.0496,0.0468,0.0405,0.0342,0.0241,0.0168,0.0234,0.0188,0.0179,0.0182,0.0199,0.0143,0.0062,0.0046,0.0059,0.0110,0.0123,0.0107,0.0092,0.0099,0.0096,0.0152,0.0201,0.0237,0.0225,0.0197,0.0243,0.0351,0.0511,0.0523,0.0640,0.0632,0.0502,0.0463,0.0797,0.1342,0.1681,0.2267,0.2345,0.3696,0.3519,0.1891,0.1061,0.0380,0.0143,0.010)

